2334 289 124 61 142 86 14 89 116 58 26 96 113 125 61 33 40 17 3 17 21 4 37 4 38 7 4 33 4 33 8 6 114 3 6 96 115 177 106 6 157 7 11 1 3 9 3 9 2 0 1 0 56 8 6 4 2 0 132 121 2 3 18 0 16 0 2 48 10 52 26 15 0 11 4 0 20 1 117 17 3 33 4 1 0 104 41 2 14 4 20 2 44 7 9 4 10 5 2 19 42 118 5 231 19 0 126 133 161 186 121 171 196 63 0 161 143 378 2 286 0 56 4 10 6 118 3 152 7 33 73 141 127 201 0 0 53 2 2 32 16 23 56 6 5 2 9 4 6 37 82 156 101 89 28 115 140 87 19 153 28 8 4 0 6 31 32 8 6 10 0 30 0 14 3 2 107 12 165 52 42 21 100 134 196 0 12 8 68 24 22 154 
289 2176 264 50 158 172 52 239 152 82 159 149 138 145 59 59 113 52 29 33 6 30 26 7 55 3 8 1 2 45 2 7 35 2 13 116 124 150 90 14 205 2 70 0 3 9 50 8 2 0 4 33 33 29 15 8 3 1 64 115 4 10 14 2 5 4 14 20 0 9 6 3 7 2 13 4 16 1 167 4 1 40 4 17 3 82 4 8 4 3 9 1 25 0 3 4 23 0 26 16 14 148 1 64 54 1 61 161 103 42 87 186 61 150 12 208 195 66 39 80 4 14 4 0 2 186 14 311 0 24 219 289 268 364 0 0 74 6 2 10 73 79 59 42 1 13 8 0 39 11 96 374 244 224 86 226 299 279 15 103 0 52 6 8 5 49 20 0 14 35 0 0 32 53 28 2 58 43 98 46 24 25 91 76 53 0 10 9 0 100 95 49 
124 264 5508 211 986 102 0 138 25 75 82 73 32 47 142 87 80 27 27 35 19 18 18 27 36 1 3 1 2 11 25 0 3 1 5 122 60 157 100 5 146 17 28 1 19 11 4 14 21 0 1 0 14 0 0 0 0 0 67 28 0 10 0 0 5 0 7 6 0 0 6 0 3 4 22 27 0 0 54 0 1 14 0 2 4 10 0 8 3 4 6 1 49 2 0 0 0 0 0 17 0 137 0 122 43 0 55 201 100 144 126 166 131 134 42 95 159 12 42 33 18 46 4 34 34 67 0 85 3 31 27 81 72 163 2 4 33 14 8 5 1 97 42 15 12 88 18 2 10 35 136 136 86 50 0 101 121 74 11 38 3 23 3 22 7 27 0 29 121 0 0 19 0 0 0 0 46 14 62 41 74 7 16 475 90 0 30 2 0 9 0 1 
61 50 211 2306 80 68 539 64 57 108 21 99 25 107 54 108 91 28 21 4 28 2 28 20 1 4 0 0 24 5 25 2 5 2 3 137 92 111 104 2 111 0 6 0 4 5 2 10 0 0 0 0 24 2 9 0 4 2 55 85 0 37 0 0 5 0 3 4 0 17 2 0 4 30 2 5 9 0 48 0 2 17 0 0 3 39 3 6 4 4 12 2 43 2 30 9 0 0 0 4 1 75 0 104 81 44 11 69 117 95 92 84 110 0 39 96 65 1049 9 56 28 18 10 68 78 47 2 70 0 32 80 59 88 61 1 8 34 34 5 60 0 0 15 0 27 0 37 15 3 2 29 38 81 92 9 76 55 32 27 22 45 10 60 4 0 6 9 1 23 8 1 0 1 1 3 6 104 22 104 38 0 278 133 58 1 0 17 17 90 39 3 83 
142 158 986 80 2324 168 103 228 132 112 6 143 83 237 34 44 51 33 47 20 24 16 94 0 36 2 31 1 4 8 2 6 22 3 15 147 241 233 333 2 185 1 0 0 0 1 1 2 0 0 0 0 1 1 12 0 0 0 130 206 0 54 0 0 48 0 9 34 0 2 0 2 7 0 10 10 6 4 201 0 6 33 5 9 7 164 12 9 13 0 10 2 0 0 0 8 4 8 8 10 14 136 2 140 15 8 69 131 142 111 99 158 121 165 2 191 181 1 7 104 0 23 0 0 0 196 4 273 1 16 194 252 257 230 1 6 64 20 18 39 60 103 50 15 7 83 19 1 14 4 132 259 212 264 47 158 216 169 15 157 1 14 3 33 3 2 0 1 25 3 0 0 0 39 20 15 121 34 113 71 0 36 99 237 72 1 11 7 48 27 14 27 
86 172 102 68 168 1626 118 381 279 248 165 229 253 191 121 189 301 87 25 47 1 6 47 36 37 6 0 0 17 5 0 0 6 25 36 221 150 254 168 4 214 23 57 0 4 15 5 35 0 0 0 8 35 32 18 20 4 0 145 218 5 34 0 0 41 0 0 32 2 6 2 7 0 1 2 0 7 0 167 9 6 16 0 6 0 95 4 2 22 26 36 18 11 2 4 0 8 8 32 27 0 216 34 204 23 0 61 237 238 210 190 239 200 42 83 256 250 8 6 34 0 56 0 0 0 149 4 349 0 61 258 344 284 334 9 7 77 0 3 41 75 48 43 0 12 0 24 6 0 0 75 361 259 255 89 283 371 178 41 122 68 12 17 0 0 18 2 6 38 68 0 0 4 63 24 8 178 62 219 60 27 72 208 104 25 0 24 10 9 65 48 113 
14 52 0 539 103 118 9246 26 11 24 66 27 27 191 86 67 9 0 2 9 0 0 43 0 3 17 0 0 2 6 8 2 0 20 0 14 15 12 7 63 19 2 5 0 0 8 7 2 0 3 4 2 8 17 29 12 0 30 0 4 4 4 4 0 0 0 6 11 4 0 0 6 5 8 8 0 0 6 11 0 12 0 0 21 0 4 16 8 20 10 52 2 4 14 2 0 2 0 16 2 5 12 26 6 8 18 0 10 10 3 1 8 0 0 4 19 18 767 0 4 387 4 0 0 0 29 28 54 4 10 27 48 53 31 46 1 0 0 7 6 124 0 1 14 0 0 3 40 0 0 0 50 67 22 37 33 56 16 48 135 0 16 72 2 0 4 9 0 86 0 0 0 8 40 107 38 5 166 5 0 12 756 0 0 0 0 8 33 8 9 0 7 
89 239 138 64 228 381 26 2224 580 484 583 521 788 556 316 318 498 247 82 81 34 24 51 0 25 6 0 0 0 32 38 0 0 0 12 218 296 183 194 37 290 18 110 0 0 18 28 5 6 32 0 16 83 104 16 16 18 0 115 334 16 5 31 4 9 24 0 2 0 13 16 20 4 4 36 0 0 26 168 15 0 8 1 0 0 75 4 0 1 0 0 0 23 1 0 0 62 0 64 15 0 160 2 106 17 0 5 231 152 69 207 218 59 69 44 273 341 0 14 52 0 12 0 0 0 243 0 499 0 43 520 537 485 488 4 0 144 0 0 3 66 141 73 33 26 12 47 4 0 0 131 553 342 533 102 490 590 261 16 159 21 35 56 0 2 76 2 1 73 167 0 0 8 138 20 0 236 22 303 23 57 55 391 6 12 10 46 87 24 160 243 54 
116 152 25 57 132 279 11 580 2268 556 803 327 829 607 264 436 569 158 13 57 0 6 73 0 53 11 0 8 0 17 12 0 30 0 5 220 144 163 243 14 244 2 103 2 4 35 10 6 6 8 2 56 135 143 49 36 24 0 293 574 18 54 13 16 85 2 18 22 8 7 37 28 0 4 6 0 0 4 363 11 0 75 10 12 0 391 18 30 21 0 0 0 18 1 0 0 36 2 4 20 0 159 6 152 8 0 54 196 110 113 115 164 95 58 9 270 304 10 0 198 2 65 0 0 0 140 2 342 0 50 499 440 422 410 6 0 181 0 0 19 54 25 36 24 0 2 29 0 8 24 20 330 171 427 77 440 391 115 0 70 26 15 15 0 4 81 4 1 74 196 0 0 8 115 42 2 381 6 423 57 154 21 574 63 80 4 54 23 104 107 314 104 
58 82 75 108 112 248 24 484 556 2992 767 390 673 361 648 641 751 264 65 71 0 0 90 0 40 16 0 21 30 4 52 76 24 6 3 341 177 199 336 57 284 46 170 16 10 97 39 59 56 2 0 16 105 68 23 14 22 0 416 496 0 15 20 10 54 6 0 2 0 3 20 16 0 10 6 54 0 4 413 3 34 89 6 14 0 424 8 0 25 10 0 8 10 3 30 0 56 4 28 7 0 275 0 217 0 18 32 244 179 207 232 119 167 0 104 320 334 0 0 228 0 55 0 0 0 94 0 269 0 0 383 307 319 336 0 0 155 0 0 0 42 0 4 20 0 0 153 0 0 0 0 286 263 394 47 397 390 49 2 38 83 62 40 0 12 213 0 2 59 109 0 0 4 58 8 8 567 14 537 151 177 10 629 17 115 16 86 33 224 122 231 107 
26 159 82 21 6 165 66 583 803 767 3450 248 1153 272 1034 713 1133 256 77 137 0 0 25 0 31 18 0 0 2 0 0 0 0 20 0 62 12 14 81 44 67 32 279 18 40 152 28 49 52 72 12 32 302 280 13 88 19 1 264 315 9 0 15 16 0 4 0 0 0 0 29 24 0 0 0 0 0 1 8 0 0 0 0 0 0 29 0 0 0 0 0 0 48 5 0 0 18 0 2 0 0 49 0 142 0 0 0 141 45 94 67 19 18 0 127 145 174 1 0 2 1 0 0 0 0 15 0 149 0 0 445 450 130 300 0 0 235 0 0 12 13 0 0 12 0 0 0 0 0 0 0 302 231 397 4 539 515 60 0 33 6 55 17 0 38 319 2 0 2 133 3 2 85 36 2 0 164 0 368 3 482 0 239 0 0 0 79 1 0 109 454 37 
96 149 73 99 143 229 27 521 327 390 248 2214 201 274 193 368 334 135 88 33 2 31 107 0 33 32 0 3 35 26 50 0 32 0 13 409 281 301 337 6 411 44 55 0 13 18 22 62 6 2 0 0 43 17 5 6 2 0 285 377 0 53 3 0 14 0 6 64 0 4 9 4 0 10 14 2 3 6 285 16 0 15 0 4 30 268 2 4 25 0 0 0 9 32 12 0 4 0 16 45 0 313 22 449 42 2 126 385 502 382 352 358 384 128 167 366 369 0 0 99 3 88 0 0 0 230 2 375 26 25 354 339 405 469 4 0 148 0 0 11 78 66 53 24 0 3 111 0 13 0 141 319 326 348 92 333 387 210 4 91 89 30 94 36 9 63 8 5 92 16 0 0 0 53 26 1 395 16 376 137 73 7 454 119 52 8 93 23 149 77 54 82 
113 138 32 25 83 253 27 788 829 673 1153 201 2484 538 546 538 766 300 16 123 0 0 47 0 29 6 0 6 0 4 0 30 34 0 25 77 33 108 123 55 122 12 208 8 34 36 14 6 14 48 18 18 178 195 32 56 20 0 226 375 48 0 57 16 18 28 0 4 0 18 24 20 4 0 2 0 0 4 161 10 0 41 6 12 0 184 2 0 10 0 0 0 11 4 0 0 74 2 72 30 0 117 12 164 1 0 58 299 94 110 120 116 75 2 59 263 310 14 0 52 0 23 0 0 0 32 0 359 0 0 469 512 262 327 4 0 119 0 0 10 61 0 4 8 0 0 0 0 0 0 0 390 164 463 89 448 506 84 0 59 8 20 6 8 0 179 6 0 2 184 0 0 8 179 14 0 282 4 419 46 202 0 435 30 72 2 56 83 9 175 427 77 
125 145 47 107 237 191 191 556 607 361 272 274 538 2100 144 250 428 177 35 54 28 22 18 0 76 3 0 6 100 69 54 28 74 2 16 302 282 297 252 47 238 50 71 0 2 9 6 36 4 0 0 4 59 43 15 0 6 1 164 215 21 1 10 36 18 7 0 18 20 2 0 58 10 14 2 0 2 2 174 13 0 30 4 2 0 162 10 0 10 0 3 0 27 4 4 0 76 2 46 22 1 340 10 441 20 2 106 404 386 434 407 422 415 114 173 397 402 39 4 45 22 31 4 0 0 164 2 373 0 50 317 304 303 298 0 9 86 0 3 20 52 90 53 45 4 15 55 0 13 18 33 354 237 401 111 304 281 220 2 73 90 72 47 0 0 29 12 2 15 92 1 0 1 114 12 2 285 19 332 168 67 20 330 109 136 0 34 46 75 121 216 68 
61 59 142 54 34 121 86 316 264 648 1034 193 546 144 2038 709 740 215 115 103 7 24 18 44 30 15 0 0 0 14 22 0 0 30 0 59 21 40 33 39 49 20 179 56 46 113 46 75 88 7 12 3 145 44 14 17 14 0 225 276 8 3 2 13 1 1 0 2 0 12 25 9 0 0 2 0 1 2 26 15 0 14 28 2 0 29 10 0 14 0 20 0 16 2 0 7 20 6 20 13 14 55 4 243 12 3 0 208 42 140 98 35 83 8 156 106 176 22 0 4 23 0 0 4 4 51 20 122 0 6 204 171 78 169 17 0 30 0 1 13 19 16 5 8 2 48 2 2 0 43 0 164 325 234 25 303 424 28 30 18 10 60 10 25 10 325 24 0 11 56 2 0 10 32 23 23 103 18 211 17 219 82 107 0 0 371 32 5 0 61 96 17 
33 59 87 108 44 189 67 318 436 641 713 368 538 250 709 2212 664 144 61 70 7 0 134 0 45 14 0 16 24 10 86 8 8 8 8 347 189 148 297 10 193 67 152 10 13 69 23 68 48 0 20 4 105 62 7 30 2 0 291 324 10 9 2 0 41 0 12 2 0 8 41 19 0 40 0 3 1 0 140 3 29 5 0 0 0 86 2 2 1 0 0 2 29 20 2 1 10 0 6 11 0 186 2 279 0 2 19 344 265 305 239 235 260 3 220 253 260 4 14 36 0 149 4 4 2 81 6 201 2 0 307 211 236 174 2 5 133 0 12 9 8 0 22 10 1 0 88 0 0 0 6 116 252 319 12 402 297 43 0 13 112 51 143 2 2 174 4 3 42 78 5 26 22 27 0 1 353 0 411 140 166 0 465 0 34 0 61 16 74 129 168 110 
40 113 80 91 51 301 9 498 569 751 1133 334 766 428 740 664 2410 287 76 206 0 0 51 0 75 46 0 2 84 11 63 2 19 2 0 343 127 130 207 36 148 54 191 10 20 81 36 47 100 18 30 22 140 161 18 36 6 3 213 302 30 5 1 14 17 6 0 2 28 14 24 28 0 8 0 0 0 0 99 10 0 10 4 0 0 81 2 0 1 0 0 0 36 7 0 0 34 6 50 13 0 211 0 316 0 0 12 285 271 316 289 240 272 0 250 348 308 4 0 25 0 50 0 0 0 55 4 256 0 5 409 341 202 286 0 0 104 0 0 2 62 0 5 0 0 0 95 0 0 0 0 284 271 388 90 415 415 99 0 46 91 44 46 0 3 200 10 1 61 105 0 0 13 74 24 4 271 4 405 116 297 6 331 27 32 0 88 32 42 150 302 52 
17 52 27 28 33 87 0 247 158 264 256 135 300 177 215 144 287 588 161 92 124 90 16 31 36 9 15 0 1 6 4 1 0 2 0 23 19 49 46 13 31 4 61 0 8 15 0 18 8 6 0 4 31 28 29 7 5 7 33 100 3 1 2 0 0 20 0 86 0 19 14 15 0 0 0 0 21 11 25 4 2 1 9 0 0 10 1 0 5 0 0 0 17 5 0 19 24 7 43 4 22 33 1 70 6 0 10 79 60 60 82 56 47 17 24 102 95 6 59 4 2 3 6 0 10 16 3 91 0 14 147 175 73 164 2 135 34 84 68 97 13 7 165 2 30 110 12 0 75 27 29 128 69 154 35 152 240 44 0 47 2 50 8 33 6 27 3 0 4 59 2 0 8 38 0 0 51 6 109 12 55 1 71 36 0 0 30 23 10 53 52 45 
3 29 27 21 47 25 2 82 13 65 77 88 16 35 115 61 76 161 844 18 306 176 27 18 15 8 9 0 0 11 0 3 0 0 0 20 39 38 30 3 47 3 23 4 4 8 2 32 2 0 1 0 10 0 38 0 0 5 25 29 2 0 3 0 0 4 0 74 0 9 3 0 0 0 0 0 38 0 20 0 0 15 6 0 0 13 0 0 0 0 2 0 11 0 0 22 0 0 0 0 7 30 0 23 9 0 0 56 43 17 43 34 13 19 12 37 65 0 83 5 0 0 2 0 0 47 0 65 0 14 73 28 55 109 0 175 19 172 137 213 0 38 203 8 122 205 2 0 240 159 35 61 170 85 0 43 45 55 1 16 1 136 2 0 0 1 0 0 2 0 7 0 5 0 0 0 6 0 13 8 8 3 6 1 0 0 0 0 0 10 0 2 
17 33 35 4 20 47 9 81 57 71 137 33 123 54 103 70 206 92 18 2528 2 4 25 20 177 2 0 1 4 8 5 2 22 4 0 22 19 43 21 4 32 37 25 1 9 102 64 52 4 4 10 7 77 13 19 8 3 2 58 35 63 0 7 4 0 18 0 15 1 0 2 9 0 4 0 0 9 32 22 34 61 0 0 2 0 100 18 0 3 0 1 1 37 3 2 30 14 11 14 6 35 31 9 82 52 2 30 52 38 59 46 62 54 27 10 50 54 5 0 5 0 63 0 0 0 8 16 28 3 2 40 53 20 33 19 2 10 4 3 2 74 11 15 4 1 0 0 7 2 19 3 40 61 43 82 46 66 10 5 4 0 5 2 4 2 44 17 0 2 52 1 5 5 28 10 7 43 4 59 20 32 4 41 41 11 0 23 12 12 12 51 16 
21 6 19 28 24 1 0 34 0 0 0 2 0 28 7 7 0 124 306 2 1216 114 28 5 5 12 28 0 3 5 0 2 0 3 0 38 12 4 46 2 0 0 0 0 0 0 5 2 0 0 0 0 0 0 9 0 0 2 1 0 0 0 0 0 0 1 0 0 0 12 0 2 0 0 0 0 27 1 43 0 0 1 6 0 0 2 0 0 0 0 0 0 7 0 0 12 3 0 0 0 31 26 0 8 0 0 0 0 0 6 0 0 0 8 0 0 0 0 145 0 0 0 0 0 0 5 0 34 0 15 0 0 44 0 0 325 40 139 248 233 0 40 138 3 110 237 2 0 368 123 59 12 4 4 0 0 0 44 0 32 0 122 2 31 0 0 0 0 0 0 4 0 4 0 0 0 0 0 0 5 0 8 0 3 0 0 0 0 0 0 0 0 
4 30 18 2 16 6 0 24 6 0 0 31 0 22 24 0 0 90 176 4 114 1674 88 250 88 34 149 0 1 4 0 98 55 0 37 14 18 28 14 31 48 0 0 0 0 0 0 1 0 0 0 0 0 0 16 0 0 26 9 8 0 0 0 0 7 0 0 237 0 16 0 2 44 0 0 32 24 0 17 0 0 2 12 0 0 10 0 0 2 0 0 0 6 0 0 17 0 0 0 0 16 44 0 32 29 0 15 72 56 70 30 30 22 73 0 14 60 0 0 2 0 0 0 0 0 36 0 38 0 0 20 18 46 54 0 15 88 75 14 39 0 15 257 1 76 254 23 0 225 201 0 36 28 32 0 12 14 18 0 0 0 56 46 170 238 0 0 68 24 0 2 0 0 0 0 0 18 0 0 11 0 3 0 32 0 0 0 0 0 2 0 0 
37 26 18 28 94 47 43 51 73 90 25 107 47 18 18 134 51 16 27 25 28 88 1236 18 73 151 42 29 9 7 200 33 18 1 38 92 63 24 696 8 119 2 3 0 0 5 2 2 2 0 0 0 2 3 7 0 0 28 76 88 0 33 0 0 173 0 60 18 137 7 3 5 10 82 155 66 14 1 95 0 51 4 3 94 120 60 0 85 5 81 0 11 12 5 73 17 2 2 0 4 0 36 0 27 3 4 7 28 29 10 28 55 12 6 2 53 42 12 8 6 11 6 8 0 2 43 0 85 29 12 69 45 95 58 3 13 34 31 60 29 0 11 62 3 13 49 40 2 68 38 136 98 30 59 4 101 43 41 2 34 2 37 15 28 47 0 3 30 14 0 0 85 0 9 6 2 101 11 130 23 6 31 153 12 11 0 23 14 30 21 13 122 
4 7 27 20 0 36 0 0 0 0 0 0 0 0 44 0 0 31 18 20 5 250 18 1676 114 37 55 0 0 0 0 31 14 0 47 0 0 0 0 10 0 0 0 0 0 0 0 9 0 0 0 0 0 0 8 0 0 0 0 0 0 0 0 0 0 0 0 35 0 3 0 0 4 4 0 0 14 0 0 0 0 0 7 0 0 0 0 0 0 0 0 0 16 0 0 43 0 0 0 0 0 0 0 52 29 0 17 0 40 0 36 36 34 52 0 22 4 0 0 0 0 1 0 0 0 24 0 0 0 0 0 2 0 0 0 0 5 0 0 0 0 15 0 0 653 205 37 0 181 232 0 0 0 0 0 0 0 0 0 0 0 49 6 248 152 0 0 691 5 0 0 0 0 0 0 0 36 0 0 14 0 4 0 49 0 0 0 2 0 0 0 0 
38 55 36 1 36 37 3 25 53 40 31 33 29 76 30 45 75 36 15 177 5 88 73 114 1804 118 33 4 26 49 2 21 35 17 65 30 29 68 35 47 34 5 5 1 2 6 6 24 3 1 2 4 5 8 18 2 0 2 67 48 6 27 3 28 40 8 38 39 16 2 0 1 47 12 52 40 6 2 90 3 6 26 25 7 31 155 9 24 8 52 0 29 3 8 34 6 7 20 32 0 90 63 6 54 34 1 44 83 45 96 61 48 66 77 64 44 67 3 2 55 0 31 0 0 0 22 0 27 3 0 20 25 43 58 2 5 56 2 5 20 26 50 1 5 96 60 71 0 59 79 2 25 29 21 17 15 23 19 0 4 1 40 42 98 53 8 2 87 34 15 23 23 6 22 6 5 45 0 46 24 3 2 33 22 34 0 5 10 49 8 51 13 
7 3 1 4 2 6 17 6 11 16 18 32 6 3 15 14 46 9 8 2 12 34 151 37 118 978 63 129 38 53 116 106 33 53 51 34 14 14 13 25 16 0 2 0 0 1 1 1 2 0 0 0 4 2 8 0 0 2 29 11 0 40 0 1 96 0 30 47 127 15 0 0 27 98 59 24 24 0 16 0 44 34 2 225 177 20 0 108 6 190 0 108 26 5 132 16 0 0 0 0 3 5 0 28 2 2 11 4 7 38 7 6 58 5 8 6 10 0 0 3 1 28 2 0 0 13 0 29 152 0 40 8 12 10 0 0 5 1 0 2 0 3 5 0 42 65 13 0 17 69 0 2 2 11 0 6 4 7 0 0 26 4 6 40 89 0 0 50 14 0 2 108 0 0 0 0 16 0 16 29 6 3 24 4 3 0 3 47 23 11 3 3 
4 8 3 0 31 0 0 0 0 0 0 0 0 0 0 0 0 15 9 0 28 149 42 55 33 63 1640 4 23 3 1 179 215 0 119 0 0 68 0 7 0 0 0 0 0 4 0 7 0 0 0 0 12 2 32 0 0 3 0 0 0 320 0 0 58 0 0 222 0 19 0 0 177 2 24 87 19 0 0 0 1 5 51 3 0 1 0 0 0 0 0 1 10 0 0 35 0 0 0 0 17 32 0 0 0 0 57 0 0 0 0 0 24 14 0 0 0 0 0 24 0 11 0 0 0 4 0 0 0 0 0 4 0 0 0 0 12 12 0 9 0 1 0 0 10 260 6 0 61 69 0 2 0 0 0 0 0 0 0 0 0 5 2 536 221 0 0 276 36 0 35 2 1 0 0 0 0 0 0 7 0 1 0 81 50 0 0 0 0 0 0 2 
33 1 1 0 1 0 0 0 8 21 0 3 6 6 0 16 2 0 0 1 0 0 29 0 4 129 4 1194 164 146 152 6 6 134 0 3 16 8 6 59 6 46 0 126 26 11 2 8 36 1 19 0 3 0 6 0 0 1 9 6 0 0 0 0 0 0 0 0 117 12 9 1 0 175 53 155 26 0 5 0 119 2 5 132 68 6 0 70 3 244 0 270 23 77 142 34 0 0 0 0 1 10 0 13 0 0 3 3 8 12 14 18 23 0 20 7 6 0 2 0 0 26 0 0 0 0 0 1 172 0 0 16 0 0 0 0 8 3 0 0 0 0 0 5 0 2 25 0 0 0 0 0 1 0 0 2 0 0 0 0 17 0 11 0 0 4 0 0 0 0 2 299 2 0 0 0 48 0 6 27 30 9 1 5 22 0 95 0 34 6 0 3 
4 2 2 24 4 17 2 0 0 30 2 35 0 100 0 24 84 1 0 4 3 1 9 0 26 38 23 164 1002 375 185 30 17 257 16 74 52 34 36 144 24 185 24 127 140 10 5 21 86 11 44 0 33 5 18 0 0 2 4 0 0 3 0 0 7 0 13 14 249 12 37 0 0 163 2 4 11 0 26 0 8 3 10 142 7 9 0 9 0 22 0 302 18 135 13 35 0 0 0 0 3 94 0 115 0 0 0 58 122 136 130 116 112 0 35 88 32 0 2 4 0 29 0 0 0 2 0 16 123 2 14 6 2 8 0 0 13 0 0 0 0 0 1 25 0 0 0 0 0 0 0 2 47 28 0 6 14 24 0 0 14 0 0 0 41 11 0 28 0 3 2 163 0 0 0 0 24 0 28 39 49 5 4 0 0 3 138 0 0 110 0 15 
33 45 11 5 8 5 6 32 17 4 0 26 4 69 14 10 11 6 11 8 5 4 7 0 49 53 3 146 375 924 66 3 13 279 34 25 48 22 15 116 31 174 5 175 198 50 25 37 118 15 69 39 15 6 22 0 0 31 6 25 2 12 0 0 18 0 21 0 69 16 81 0 14 36 14 19 14 0 12 0 3 4 14 143 26 7 0 24 2 3 0 151 23 159 13 18 0 0 0 0 5 26 0 40 0 0 3 28 14 11 39 50 17 28 12 18 19 1 0 4 0 5 0 0 0 29 0 38 71 7 24 15 31 37 0 0 18 0 0 1 0 44 7 155 0 4 2 0 0 0 2 29 39 21 0 14 17 16 0 2 7 18 0 0 0 20 0 21 0 8 3 315 34 0 0 0 9 0 30 14 103 7 7 6 1 3 405 13 1 9 2 4 
8 2 25 25 2 0 8 38 12 52 0 50 0 54 22 86 63 4 0 5 0 0 200 0 2 116 1 152 185 66 1584 0 1 13 4 124 57 32 38 9 36 4 0 0 0 2 6 7 0 0 0 0 9 0 8 0 0 30 10 22 0 15 0 0 8 0 23 2 118 12 0 0 0 323 74 36 27 0 0 0 152 4 4 133 79 3 0 221 13 261 16 160 21 0 142 23 0 0 0 0 30 24 0 56 2 2 0 32 126 42 48 20 86 1 11 68 32 0 0 0 0 48 0 0 0 10 38 28 192 0 18 14 28 0 3 0 31 0 0 0 0 0 0 2 0 0 26 0 0 0 0 0 18 54 0 42 2 2 18 0 20 8 16 0 3 0 0 2 1 0 4 88 0 0 0 2 52 8 30 30 0 7 64 0 0 0 410 2 28 134 0 17 
6 7 0 2 6 0 2 0 0 76 0 0 30 28 0 8 2 1 3 2 2 98 33 31 21 106 179 6 30 3 0 1564 200 0 316 0 1 16 49 34 0 0 0 0 0 0 0 4 0 0 0 0 0 0 5 0 0 1 18 0 0 132 0 0 109 0 76 232 0 8 5 1 271 0 175 267 23 0 24 0 0 0 0 75 85 7 0 59 17 0 0 0 17 0 27 37 0 0 0 1 54 0 0 0 0 0 36 6 12 0 0 0 0 0 0 10 26 6 0 31 0 4 0 0 0 20 0 0 0 0 6 0 0 0 0 0 1 0 0 0 0 0 0 0 0 166 7 0 0 47 0 0 0 0 0 0 0 0 0 0 0 28 0 66 167 0 0 349 34 0 3 0 0 0 0 0 72 0 0 3 0 7 18 23 78 3 0 118 33 0 0 10 
114 35 3 5 22 6 0 0 30 24 0 32 34 74 0 8 19 0 0 22 0 55 18 14 35 33 215 6 17 13 1 200 1760 0 85 70 30 88 36 23 56 0 0 0 0 0 8 5 0 0 0 0 1 4 7 0 0 31 228 53 0 106 0 0 325 0 239 291 0 15 0 6 63 0 54 54 27 0 97 0 0 25 5 53 0 123 0 0 5 0 0 0 10 0 0 25 0 0 0 0 4 70 0 182 0 0 39 42 63 113 108 129 101 0 0 78 85 44 0 64 0 9 2 0 0 11 0 8 0 0 0 6 4 0 0 0 4 0 0 0 0 0 0 0 0 3 1 0 0 619 0 2 4 0 0 18 0 0 0 0 0 2 1 0 171 0 0 187 51 0 5 0 0 0 0 0 112 0 106 89 0 2 88 30 52 0 0 92 0 0 0 14 
3 2 1 2 3 25 20 0 0 6 20 0 0 2 30 8 2 2 0 4 3 0 1 0 17 53 0 134 257 279 13 0 0 1142 0 6 5 0 25 155 0 219 22 195 265 86 9 9 136 9 74 5 9 7 24 0 0 3 2 8 0 0 2 0 0 0 0 0 5 5 71 0 0 63 0 0 15 0 2 0 2 4 3 171 0 0 0 0 0 0 0 238 15 202 0 34 0 0 0 3 33 0 0 10 0 0 0 14 22 22 0 0 6 0 39 0 6 3 0 0 0 0 0 0 0 4 0 0 32 2 10 0 0 0 0 1 14 0 0 0 0 0 1 209 0 0 0 0 0 0 0 0 4 0 2 0 0 2 0 0 7 12 0 0 0 28 0 0 4 0 3 253 36 6 0 0 0 0 42 3 90 1 2 0 0 2 333 0 0 4 0 52 
6 13 5 3 15 36 0 12 5 3 0 13 25 16 0 8 0 0 0 0 0 37 38 47 65 51 119 0 16 34 4 316 85 0 1458 113 12 33 14 3 56 0 0 0 0 0 0 11 0 0 0 0 3 0 1 0 0 1 4 7 0 178 0 0 110 0 131 74 0 5 8 1 330 0 109 431 39 0 51 0 0 20 5 6 104 9 0 141 14 0 0 0 2 0 21 31 0 0 0 0 1 20 0 0 0 0 18 4 8 0 1 16 6 0 0 36 23 2 0 37 0 4 0 0 0 58 0 24 0 25 16 30 24 23 0 0 13 0 0 0 0 0 32 0 0 6 12 0 0 12 24 34 17 16 0 23 30 25 0 34 0 3 0 0 224 0 0 356 12 0 3 0 0 0 0 0 40 0 6 6 0 5 3 4 77 6 2 251 24 2 0 16 
96 116 122 137 147 221 14 218 220 341 62 409 77 302 59 347 343 23 20 22 38 14 92 0 30 34 0 3 74 25 124 0 70 6 113 3416 412 422 370 6 460 50 42 0 0 15 14 129 2 0 6 0 8 6 8 2 0 0 320 263 4 12 0 0 51 0 30 32 38 0 9 0 0 52 2 0 0 0 315 3 30 42 5 6 0 238 2 0 11 0 12 0 9 36 0 0 2 0 0 28 0 424 8 497 16 2 163 432 536 533 465 513 547 87 215 563 392 27 0 68 0 110 0 0 0 254 0 401 26 40 321 284 400 333 6 0 156 0 0 39 55 95 81 4 0 4 202 0 0 36 123 282 329 374 13 354 271 197 6 143 255 70 186 0 0 15 0 3 65 0 0 0 2 6 0 4 437 16 439 213 24 64 438 73 55 0 82 50 155 127 23 40 
115 124 60 92 241 150 15 296 144 177 12 281 33 282 21 189 127 19 39 19 12 18 63 0 29 14 0 16 52 48 57 1 30 5 12 412 2046 364 256 5 474 23 19 23 20 6 6 26 10 0 8 0 55 3 14 0 0 0 287 223 0 6 0 0 20 0 1 82 18 0 8 6 17 20 14 29 4 0 215 0 0 23 10 27 4 170 0 5 4 0 6 15 6 30 26 5 6 0 2 35 42 311 2 334 22 3 184 370 582 339 288 361 357 160 34 296 285 0 2 81 3 31 0 0 0 242 6 327 23 13 222 258 342 327 0 0 150 38 38 3 6 92 54 18 0 15 147 8 0 22 138 246 258 268 10 245 201 196 8 191 60 25 40 36 4 1 0 3 43 0 0 18 0 7 10 0 285 0 238 147 3 36 292 89 99 0 65 9 111 133 0 35 
177 150 157 111 233 254 12 183 163 199 14 301 108 297 40 148 130 49 38 43 4 28 24 0 68 14 68 8 34 22 32 16 88 0 33 422 364 3158 389 26 460 38 22 12 0 9 5 78 2 0 0 0 19 18 2 0 0 0 697 295 0 56 0 0 44 0 2 100 16 2 2 0 0 14 16 0 0 0 428 0 0 84 15 12 0 368 0 6 21 4 12 0 41 10 22 0 0 4 4 21 0 524 0 660 117 2 302 578 545 618 745 610 715 201 151 487 453 0 38 157 0 51 0 0 0 285 0 682 0 56 192 244 324 379 0 0 161 48 18 3 32 221 74 42 0 56 78 4 24 24 79 290 277 249 3 251 339 247 6 177 62 24 26 36 0 8 0 1 21 0 0 6 0 1 0 0 418 8 385 234 53 34 280 163 239 0 24 12 110 73 0 42 
106 90 100 104 333 168 7 194 243 336 81 337 123 252 33 297 207 46 30 21 46 14 696 0 35 13 0 6 36 15 38 49 36 25 14 370 256 389 3790 1 387 22 35 0 0 5 4 23 0 0 0 0 60 8 3 2 0 0 353 327 0 15 0 0 32 0 26 32 4 5 7 2 37 26 5 4 3 10 422 3 6 98 5 89 6 382 4 0 11 0 0 0 4 3 28 4 6 0 10 9 0 303 0 371 15 10 93 304 338 350 358 307 377 199 145 351 497 17 14 79 0 150 0 0 0 186 0 288 0 37 264 234 334 275 0 8 143 0 12 11 21 112 85 10 0 40 143 10 0 0 297 142 229 278 30 200 223 110 2 100 127 20 70 0 0 11 0 3 77 11 0 0 8 21 4 4 441 4 395 173 47 22 435 88 142 0 48 16 86 123 28 38 
6 14 5 2 2 4 63 37 14 57 44 6 55 47 39 10 36 13 3 4 2 31 8 10 47 25 7 59 144 116 9 34 23 155 3 6 5 26 1 1304 1 125 500 214 282 98 44 48 145 36 155 12 33 10 9 8 19 1 12 12 7 1 22 11 9 8 3 17 52 10 70 68 11 16 9 21 46 3 15 0 1 2 34 54 4 0 9 1 5 3 3 16 22 118 5 30 5 0 0 4 25 3 3 11 7 13 4 15 48 40 14 27 4 4 8 3 36 4 0 10 0 12 6 0 4 2 7 15 17 5 7 7 6 9 4 0 66 3 0 0 3 4 0 40 1 7 2 0 12 15 0 9 3 22 8 21 28 4 0 0 0 4 5 15 8 35 1 12 3 95 8 111 19 37 1 7 9 7 43 3 23 7 29 0 5 107 60 12 2 49 17 590 
157 205 146 111 185 214 19 290 244 284 67 411 122 238 49 193 148 31 47 32 0 48 119 0 34 16 0 6 24 31 36 0 56 0 56 460 474 460 387 1 3674 4 24 0 2 5 4 83 2 0 0 0 21 16 7 6 0 0 391 293 0 33 0 0 65 2 0 50 28 0 20 0 0 6 8 0 0 0 436 0 2 58 5 10 0 314 0 30 14 12 8 0 2 7 0 0 0 0 2 6 0 444 10 380 39 10 138 672 340 332 349 466 369 181 40 417 418 35 0 144 0 96 0 0 0 375 0 508 16 99 351 394 528 570 0 0 202 30 62 43 39 291 117 12 0 12 77 0 38 38 155 474 370 379 25 387 402 353 6 266 78 56 41 2 20 3 0 1 100 1 0 0 2 16 16 8 449 20 354 147 17 66 387 179 110 0 37 42 69 64 13 60 
7 2 17 0 1 23 2 18 2 46 32 44 12 50 20 67 54 4 3 37 0 0 2 0 5 0 0 46 185 174 4 0 0 219 0 50 23 38 22 125 4 1422 28 288 432 98 59 21 287 17 152 8 15 1 19 0 0 31 10 21 0 0 4 0 0 0 0 0 21 14 180 0 0 20 0 0 13 0 0 0 0 4 1 170 0 1 0 0 0 0 0 18 13 140 0 24 0 0 0 0 5 64 0 70 0 0 0 106 102 136 76 88 84 0 37 44 42 0 0 4 0 0 0 0 0 6 0 22 73 0 12 0 0 8 0 0 6 0 0 0 2 0 0 244 0 0 0 0 0 0 0 2 14 8 0 38 18 1 0 0 1 2 4 0 0 60 0 0 0 6 3 189 41 0 0 0 26 0 56 49 65 2 6 0 0 0 398 0 0 0 0 4 
11 70 28 6 0 57 5 110 103 170 279 55 208 71 179 152 191 61 23 25 0 0 3 0 5 2 0 0 24 5 0 0 0 22 0 42 19 22 35 500 24 28 10176 26 110 26 11 137 144 30 12 20 39 236 155 19 20 68 39 42 29 0 9 8 0 3 0 0 0 0 23 31 0 2 0 0 0 2 2 0 0 0 4 6 0 1 0 0 0 0 0 0 84 17 0 0 2 0 0 0 0 42 0 33 0 0 0 56 21 67 35 27 42 0 165 55 56 0 0 5 0 3 0 0 0 11 0 30 6 0 59 50 42 45 2 0 40 0 0 1 5 0 1 14 0 0 0 0 0 0 0 38 36 95 0 90 75 6 0 1 69 8 2 0 8 196 0 0 0 233 1 10 9 23 0 4 27 2 91 14 205 0 53 0 0 2 27 5 0 1452 392 989 
1 0 1 0 0 0 0 0 2 16 18 0 8 0 56 10 10 0 4 1 0 0 0 0 1 0 0 126 127 175 0 0 0 195 0 0 23 12 0 214 0 288 26 1232 535 250 79 39 215 143 284 6 20 39 21 11 20 1 2 20 0 0 5 0 0 0 0 0 9 10 192 0 0 8 0 0 3 0 0 0 0 56 11 95 0 0 0 0 0 0 0 64 16 228 0 22 0 0 0 0 3 24 0 22 0 0 0 0 6 4 0 8 44 0 28 8 0 0 0 0 2 0 0 0 0 0 0 4 83 0 2 0 0 0 0 0 5 0 0 0 1 0 0 74 0 0 0 0 0 0 0 4 35 0 0 30 2 1 0 0 0 0 0 0 0 40 0 0 0 2 1 184 58 0 0 0 2 0 0 1 25 0 8 0 0 0 76 0 0 4 0 0 
3 3 19 4 0 4 0 0 4 10 40 13 34 2 46 13 20 8 4 9 0 0 0 0 2 0 0 26 140 198 0 0 0 265 0 0 20 0 0 282 2 432 110 535 1612 266 241 46 314 183 309 17 42 100 20 53 14 6 26 23 0 0 5 0 0 0 0 0 7 8 137 1 0 0 0 0 21 0 0 0 0 5 4 73 0 6 0 0 0 0 0 0 14 120 0 42 0 0 0 0 7 4 0 4 0 0 0 6 0 6 0 0 4 0 24 4 2 0 0 0 1 0 0 0 0 2 0 2 10 0 0 0 0 16 0 0 15 0 0 0 3 0 0 127 0 0 0 0 0 0 0 0 26 0 0 2 10 7 0 0 0 0 0 0 0 103 0 0 0 4 4 123 93 0 0 0 2 0 4 8 20 9 6 0 0 7 66 0 0 22 0 10 
9 9 11 5 1 15 8 18 35 97 152 18 36 9 113 69 81 15 8 102 0 0 5 0 6 1 4 11 10 50 2 0 0 86 0 15 6 9 5 98 5 98 26 250 266 1036 326 11 262 193 234 123 28 125 16 215 252 6 25 22 52 4 6 18 4 0 1 0 6 7 182 2 0 6 0 0 13 0 2 0 0 4 2 2 0 5 0 16 0 0 2 0 25 51 0 24 0 0 0 0 57 9 0 19 0 0 0 13 5 9 7 6 5 0 5 9 11 0 0 0 0 0 0 0 0 17 0 14 0 5 27 23 3 14 1 2 19 3 0 4 2 0 2 208 0 3 0 0 0 0 0 24 27 11 0 23 36 11 0 8 5 13 8 2 2 33 0 0 0 7 39 61 217 0 0 0 8 0 19 2 24 0 1 0 0 18 5 0 0 8 30 0 
3 50 4 2 1 5 7 28 10 39 28 22 14 6 46 23 36 0 2 64 5 0 2 0 6 1 0 2 5 25 6 0 8 9 0 14 6 5 4 44 4 59 11 79 241 326 914 5 188 294 233 173 16 58 16 216 302 4 20 13 111 0 22 77 0 6 0 0 0 13 170 27 0 1 0 0 29 6 4 0 0 3 3 1 0 8 0 0 0 0 0 0 30 15 0 35 33 0 22 2 3 8 0 12 0 9 4 12 8 11 15 8 11 0 5 6 10 2 0 0 0 0 2 0 0 2 0 1 5 2 0 2 21 4 0 1 14 0 2 4 0 0 1 160 0 0 0 0 0 0 0 19 10 2 0 8 10 2 0 0 6 5 0 1 3 12 1 0 2 27 5 13 198 5 0 0 9 0 18 5 23 0 4 18 0 27 13 0 0 3 31 5 
9 8 14 10 2 35 2 5 6 59 49 62 6 36 75 68 47 18 32 52 2 1 2 9 24 1 7 8 21 37 7 4 5 9 11 129 26 78 23 48 83 21 137 39 46 11 5 824 14 22 21 15 88 7 13 32 2 51 70 24 32 7 12 25 8 12 4 5 0 15 9 22 16 7 7 18 121 20 115 7 12 60 73 23 4 23 9 2 8 3 5 3 19 31 5 35 43 14 8 17 1 30 10 59 23 7 0 41 55 49 65 45 33 15 2 35 31 1 29 3 0 5 2 2 0 3 19 17 5 31 12 8 29 26 12 4 7 4 0 4 8 0 29 38 1 1 2 0 5 5 14 2 35 22 3 28 39 15 3 1 8 5 1 6 8 10 10 29 1 11 20 27 6 8 14 10 20 11 56 18 30 4 38 0 5 0 49 8 5 43 3 75 
2 2 21 0 0 0 0 6 6 56 52 6 14 4 88 48 100 8 2 4 0 0 2 0 3 2 0 36 86 118 0 0 0 136 0 2 10 2 0 145 2 287 144 215 314 262 188 14 1368 138 303 107 24 89 23 214 43 2 10 15 0 0 1 0 0 0 0 0 16 18 158 2 0 0 0 0 21 0 2 0 0 2 5 34 0 4 0 0 0 0 0 0 33 183 0 24 0 0 0 0 4 0 0 2 0 0 0 6 0 8 8 0 0 0 10 2 14 0 0 0 0 0 0 0 0 0 0 4 36 0 0 30 0 4 0 0 13 0 0 0 0 0 0 78 0 0 0 0 0 0 0 24 12 14 0 8 22 2 0 0 0 2 2 0 1 31 0 0 0 1 70 113 111 0 0 0 10 0 28 19 58 4 2 0 0 12 52 0 0 10 14 0 
0 0 0 0 0 0 3 32 8 2 72 2 48 0 7 0 18 6 0 4 0 0 0 0 1 0 0 1 11 15 0 0 0 9 0 0 0 0 0 36 0 17 30 143 183 193 294 22 138 1170 337 90 13 109 21 163 295 0 2 1 222 0 55 158 0 20 0 0 0 10 208 30 0 0 0 0 13 24 0 0 1 0 7 0 0 1 0 0 0 0 0 0 18 0 0 9 0 0 2 0 0 0 0 0 0 29 0 0 0 0 0 0 0 0 0 11 2 0 0 0 0 0 0 0 0 0 0 0 0 0 14 4 0 0 0 0 20 0 0 4 1 0 0 172 0 0 0 0 0 0 0 0 0 6 0 21 32 1 0 0 0 0 0 0 3 14 0 0 0 17 2 22 368 5 0 0 0 0 0 0 35 0 26 0 0 23 6 0 0 0 52 2 
1 4 1 0 0 0 4 0 2 0 12 0 18 0 12 20 30 0 1 10 0 0 0 0 2 0 0 19 44 69 0 0 0 74 0 6 8 0 0 155 0 152 12 284 309 234 233 21 303 337 1356 105 52 122 23 182 125 4 4 6 29 0 23 11 0 0 0 0 0 8 386 5 0 0 0 0 22 0 0 0 5 4 15 0 0 2 0 0 0 0 0 0 15 272 0 39 0 0 0 0 20 0 0 0 0 4 0 0 0 0 0 0 0 0 9 0 4 0 0 0 0 0 0 0 0 0 0 2 0 0 0 6 0 0 0 0 18 0 0 2 5 3 0 160 0 0 0 0 0 0 0 0 2 10 0 26 0 3 0 0 0 1 1 14 2 42 0 0 0 17 13 95 260 9 0 0 0 0 0 1 52 1 0 0 0 15 2 0 0 6 28 4 
0 33 0 0 0 8 2 16 56 16 32 0 18 4 3 4 22 4 0 7 0 0 0 0 4 0 0 0 0 39 0 0 0 5 0 0 0 0 0 12 0 8 20 6 17 123 173 15 107 90 105 1542 21 113 38 325 333 7 2 0 306 3 165 162 0 40 0 0 0 13 156 104 0 0 0 0 23 19 0 9 23 5 33 0 0 3 0 0 0 0 0 0 11 0 0 14 208 4 45 0 38 0 0 0 0 33 0 0 0 0 0 0 0 0 0 0 0 0 0 0 0 7 0 0 3 1 0 0 0 0 10 0 0 12 0 0 13 0 0 2 0 0 0 39 0 0 0 0 0 0 0 0 0 0 0 1 8 6 0 0 0 5 0 5 0 5 0 0 0 56 8 29 252 10 0 0 0 0 26 3 3 0 4 0 0 18 0 1 0 13 28 4 
56 33 14 24 1 35 8 83 135 105 302 43 178 59 145 105 140 31 10 77 0 0 2 0 5 4 12 3 33 15 9 0 1 9 3 8 55 19 60 33 21 15 39 20 42 28 16 88 24 13 52 21 1338 127 88 50 39 53 42 46 42 10 1 4 12 9 40 0 3 16 15 36 30 16 10 11 36 8 36 2 4 13 243 9 11 1 9 13 15 33 0 35 15 6 3 19 12 9 2 1 77 8 6 16 2 10 10 28 4 14 20 4 4 0 7 24 71 0 1 5 1 72 0 0 0 2 0 23 5 18 73 53 27 58 4 5 31 3 20 2 2 11 2 43 3 0 73 2 6 0 5 41 12 56 9 70 52 4 1 8 16 28 19 4 2 52 1 0 4 71 10 31 6 3 7 5 27 2 55 5 46 0 40 5 4 2 22 2 0 55 62 9 
8 29 0 2 1 32 17 104 143 68 280 17 195 43 44 62 161 28 0 13 0 0 3 0 8 2 2 0 5 6 0 0 4 7 0 6 3 18 8 10 16 1 236 39 100 125 58 7 89 109 122 113 127 1420 40 348 298 74 36 44 276 2 59 37 0 20 0 0 0 18 79 115 0 0 0 0 44 17 4 0 20 4 5 0 0 4 0 0 0 0 0 0 3 3 5 25 121 0 0 0 10 12 0 15 0 41 0 22 4 5 2 2 4 0 0 22 18 1 0 0 0 0 0 0 0 2 0 35 0 0 100 56 32 57 0 0 18 4 0 7 1 0 0 209 0 0 0 0 0 0 0 42 2 75 0 65 36 8 0 8 0 1 0 8 1 10 0 0 0 52 7 9 88 2 0 0 20 0 86 1 9 0 42 5 6 8 7 0 0 49 34 24 
6 15 0 9 12 18 29 16 49 23 13 5 32 15 14 7 18 29 38 19 9 16 7 8 18 8 32 6 18 22 8 5 7 24 1 8 14 2 3 9 7 19 155 21 20 16 16 13 23 21 23 38 88 40 814 69 132 119 0 45 32 9 19 3 9 1 21 31 16 64 23 0 18 20 25 9 149 8 2 0 8 5 66 24 17 1 1 21 2 17 2 11 20 26 15 23 9 0 10 3 35 2 12 4 16 0 77 5 1 0 0 3 0 60 21 10 9 1 6 18 0 14 0 0 0 12 1 19 8 4 23 55 16 14 7 16 2 15 4 23 4 17 17 28 5 53 9 0 8 8 3 11 6 13 6 14 11 22 1 16 19 9 10 12 10 20 2 4 17 13 6 12 23 7 10 5 4 5 7 2 16 4 9 27 20 0 14 2 15 34 16 20 
4 8 0 0 0 20 12 16 36 14 88 6 56 0 17 30 36 7 0 8 0 0 0 0 2 0 0 0 0 0 0 0 0 0 0 2 0 0 2 8 6 0 19 11 53 215 216 32 214 163 182 325 50 348 69 1172 607 37 20 5 428 5 167 99 0 0 0 0 0 6 145 46 0 0 0 0 10 16 3 2 6 2 15 0 0 5 0 0 0 0 0 0 11 0 0 28 59 0 0 0 49 2 0 4 0 54 0 2 0 2 0 0 0 0 0 0 6 0 0 0 0 17 0 0 0 5 0 16 0 0 30 16 2 14 0 0 31 0 0 4 2 0 0 115 0 0 0 0 0 0 0 8 6 12 0 34 12 3 0 0 0 15 0 7 1 18 0 0 0 117 7 33 213 9 0 0 18 0 8 10 5 0 12 0 0 13 4 0 0 6 34 2 
2 3 0 4 0 4 0 18 24 22 19 2 20 6 14 2 6 5 0 3 0 0 0 0 0 0 0 0 0 0 0 0 0 0 0 0 0 0 0 19 0 0 20 20 14 252 302 2 43 295 125 333 39 298 132 607 2398 3 3 30 597 5 317 499 0 67 0 0 0 16 167 63 0 0 0 0 39 47 2 2 5 31 11 0 0 2 0 0 0 0 0 0 4 0 3 36 19 0 0 0 9 2 0 4 0 41 0 0 0 0 0 0 0 0 0 14 0 0 0 0 0 14 0 0 0 11 0 6 0 0 0 22 18 0 0 0 31 0 0 0 3 0 0 58 0 0 0 0 0 0 0 6 0 0 0 0 0 0 0 0 0 0 0 0 0 46 0 0 0 165 5 43 155 6 0 0 0 0 0 4 2 0 0 0 0 27 0 0 0 2 67 4 
0 1 0 2 0 0 30 0 0 0 1 0 0 1 0 0 3 7 5 2 2 26 28 0 2 2 3 1 2 31 30 1 31 3 1 0 0 0 0 1 0 31 68 1 6 6 4 51 2 0 4 7 53 74 119 37 3 2986 42 0 47 19 25 37 2 25 4 4 2 0 5 39 3 5 31 2 0 2 0 3 19 1 81 3 1 0 1 5 2 2 2 1 42 3 4 2 3 5 34 2 13 0 30 0 0 5 28 0 0 0 0 0 0 48 42 0 0 0 1 28 2 16 0 0 0 0 0 0 3 23 0 0 0 5 16 31 0 4 10 5 34 42 29 53 3 0 0 0 2 3 0 0 0 0 23 0 0 14 2 30 14 3 0 6 3 0 7 1 71 14 17 6 29 48 16 2 0 4 0 0 0 0 0 0 14 0 3 2 56 87 0 0 
132 64 67 55 130 145 0 115 293 416 264 285 226 164 225 291 213 33 25 58 1 9 76 0 67 29 0 9 4 6 10 18 228 2 4 320 287 697 353 12 391 10 39 2 26 25 20 70 10 2 4 2 42 36 0 20 3 42 2934 584 0 13 2 13 132 2 86 56 12 0 59 10 34 2 6 2 0 0 757 1 0 165 30 28 0 760 0 0 124 0 0 0 5 0 0 2 0 0 0 21 12 326 4 428 31 0 333 295 259 356 395 293 380 62 47 367 358 16 3 236 0 80 0 0 0 100 0 262 0 0 134 110 172 193 0 3 132 9 4 4 0 34 1 1 7 8 123 0 2 54 6 38 107 103 0 134 117 28 0 7 38 29 23 0 4 60 0 2 128 4 0 2 0 0 0 0 594 0 522 220 54 0 542 283 231 0 32 13 42 30 9 98 
121 115 28 85 206 218 4 334 574 496 315 377 375 215 276 324 302 100 29 35 0 8 88 0 48 11 0 6 0 25 22 0 53 8 7 263 223 295 327 12 293 21 42 20 23 22 13 24 15 1 6 0 46 44 45 5 30 0 584 2142 6 37 7 0 103 0 0 24 0 40 9 2 32 4 62 96 5 14 586 10 0 156 33 26 0 756 2 14 61 0 0 0 7 6 0 5 6 8 42 33 0 199 8 250 9 0 101 170 225 130 183 107 210 18 34 313 323 1 0 247 3 63 0 0 0 146 4 223 0 5 330 287 303 239 0 0 141 4 14 4 35 6 20 6 3 4 94 0 0 0 46 213 165 274 64 271 283 120 0 51 42 24 50 0 0 34 7 27 123 71 0 4 6 66 14 0 499 0 480 108 50 1 588 68 199 1 53 36 141 60 92 142 
2 4 0 0 0 5 4 16 18 0 9 0 48 21 8 10 30 3 2 63 0 0 0 0 6 0 0 0 0 2 0 0 0 0 0 4 0 0 0 7 0 0 29 0 0 52 111 32 0 222 29 306 42 276 32 428 597 47 0 6 1550 3 499 425 0 268 0 0 0 22 140 306 0 0 0 0 32 168 0 19 9 4 11 0 0 3 0 0 0 0 0 0 17 3 0 39 399 31 84 0 5 0 0 0 0 53 0 8 0 0 0 0 0 0 0 0 16 0 0 0 0 28 0 0 3 0 0 0 0 0 4 0 0 12 0 0 13 0 0 2 2 0 1 0 0 0 0 0 0 0 0 0 0 16 0 10 26 0 0 0 0 4 0 0 0 9 0 0 0 64 4 7 16 18 0 0 16 0 0 0 0 0 21 0 0 17 0 3 0 19 36 10 
3 10 10 37 54 34 4 5 54 15 0 53 0 1 3 9 5 1 0 0 0 0 33 0 27 40 320 0 3 12 15 132 106 0 178 12 6 56 15 1 33 0 0 0 0 4 0 7 0 0 0 3 10 2 9 5 5 19 13 37 3 1536 4 2 328 23 249 75 0 16 3 5 271 2 195 170 29 6 11 0 19 31 10 47 80 18 0 91 4 191 0 0 24 0 54 26 10 0 4 0 6 22 0 0 0 0 0 17 19 0 0 0 2 0 0 38 3 0 0 39 0 9 2 0 0 34 0 4 0 0 41 5 12 3 0 0 7 0 0 0 0 0 0 0 0 0 13 0 0 0 0 4 2 7 0 10 3 0 0 2 16 7 5 0 0 0 0 0 15 0 39 0 1 0 0 0 94 0 15 35 0 4 29 0 36 0 4 115 21 1 0 32 
18 14 0 0 0 0 4 31 13 20 15 3 57 10 2 2 1 2 3 7 0 0 0 0 3 0 0 0 0 0 0 0 0 2 0 0 0 0 0 22 0 4 9 5 5 6 22 12 1 55 23 165 1 59 19 167 317 25 2 7 499 4 1090 473 0 388 0 0 0 6 9 220 0 0 0 0 17 270 1 34 40 4 4 0 0 3 0 0 0 0 0 0 6 1 4 42 128 56 64 7 33 0 13 0 0 44 0 0 1 0 0 0 0 0 0 16 0 0 0 0 0 12 0 0 3 0 0 6 0 0 0 12 16 1 0 0 9 0 0 0 2 0 0 0 0 0 0 0 0 0 0 7 0 19 1 2 0 2 0 0 0 30 2 2 0 2 17 0 0 48 5 60 25 22 0 0 0 0 8 4 0 0 6 0 0 5 0 3 0 17 18 8 
0 2 0 0 0 0 0 4 16 10 16 0 16 36 13 0 14 0 0 4 0 0 0 0 28 1 0 0 0 0 0 0 0 0 0 0 0 0 0 11 0 0 8 0 0 18 77 25 0 158 11 162 4 37 3 99 499 37 13 0 425 2 473 1394 0 423 0 0 0 12 34 346 0 0 0 0 33 346 2 41 42 30 17 0 0 5 0 0 0 0 0 0 10 0 6 38 156 12 115 0 5 0 0 6 0 90 0 0 0 0 0 6 0 0 0 0 0 0 0 0 4 21 0 0 0 1 4 0 0 0 12 2 4 0 0 0 10 0 0 0 2 1 0 0 0 0 0 0 0 0 0 4 0 0 0 4 0 2 0 0 0 1 0 3 0 3 4 0 0 50 3 27 12 8 0 0 0 0 0 0 0 0 11 0 0 9 0 5 0 37 35 6 
16 5 5 5 48 41 0 9 85 54 0 14 18 18 1 41 17 0 0 0 0 7 173 0 40 96 58 0 7 18 8 109 325 0 110 51 20 44 32 9 65 0 0 0 0 4 0 8 0 0 0 0 12 0 9 0 0 2 132 103 0 328 0 0 1194 0 189 8 0 11 1 0 314 0 320 179 17 0 145 0 63 47 35 60 143 211 0 201 4 177 0 0 14 0 99 24 0 0 0 0 2 32 0 6 0 0 6 13 6 9 26 0 8 0 0 46 42 0 0 17 0 5 0 0 0 31 0 3 0 0 17 5 30 11 0 0 17 0 0 0 0 0 0 0 3 0 19 0 0 0 0 4 3 3 0 6 5 0 0 0 22 1 13 18 4 0 0 113 12 0 30 0 0 0 0 0 111 0 101 24 0 2 89 0 29 0 3 58 26 0 0 149 
0 4 0 0 0 0 0 24 2 6 4 0 28 7 1 0 6 20 4 18 1 0 0 0 8 0 0 0 0 0 0 0 0 0 0 0 0 0 0 8 2 0 3 0 0 0 6 12 0 20 0 40 9 20 1 0 67 25 2 0 268 23 388 423 0 1462 0 0 0 43 2 389 0 0 0 0 13 455 4 310 72 34 16 0 0 29 43 0 0 0 0 0 4 1 4 16 271 216 270 75 2 0 16 0 0 48 0 4 0 0 0 0 0 0 0 0 14 0 0 0 1 4 0 0 3 0 35 12 0 0 10 0 18 2 0 0 8 0 0 0 19 0 1 0 0 0 0 0 0 0 0 14 13 0 11 0 0 11 0 0 0 33 0 8 0 0 120 0 0 12 34 10 2 30 0 0 0 0 16 5 0 0 11 0 0 1 0 13 0 15 3 22 
2 14 7 3 9 0 6 0 18 0 0 6 0 0 0 12 0 0 0 0 0 0 60 0 38 30 0 0 13 21 23 76 239 0 131 30 1 2 26 3 0 0 0 0 0 1 0 4 0 0 0 0 40 0 21 0 0 4 86 0 0 249 0 0 189 0 1948 0 308 22 2 4 173 79 374 312 19 0 22 0 33 6 12 113 204 48 0 216 5 169 0 3 19 0 121 35 0 0 0 0 4 0 0 0 0 0 0 0 0 4 0 0 0 0 0 0 32 0 0 29 0 16 0 0 0 94 0 4 0 0 56 0 0 0 0 0 3 0 0 0 0 0 0 0 0 0 21 0 0 0 0 0 0 14 0 16 0 0 0 0 35 2 10 0 0 0 0 1 26 0 9 0 0 0 0 0 0 0 30 2 0 5 30 0 33 0 22 76 14 8 0 26 
48 20 6 4 34 32 11 2 22 2 0 64 4 18 2 2 2 86 74 15 0 237 18 35 39 47 222 0 14 0 2 232 291 0 74 32 82 100 32 17 50 0 0 0 0 0 0 5 0 0 0 0 0 0 31 0 0 4 56 24 0 75 0 0 8 0 0 1880 0 28 1 0 394 0 3 25 43 0 30 0 0 4 11 44 0 14 0 0 2 0 0 0 10 0 0 25 0 0 0 0 3 76 0 150 2 0 50 158 94 156 106 140 214 9 0 96 62 4 0 17 0 3 0 0 0 20 0 12 0 0 3 10 18 44 0 0 33 0 0 0 0 1 0 0 0 208 10 0 123 117 0 0 0 0 0 2 2 0 0 0 0 5 4 340 226 0 0 186 86 0 6 0 0 0 0 0 46 0 84 39 0 3 28 49 36 0 2 4 0 4 0 2 
10 0 0 0 0 2 4 0 8 0 0 0 0 20 0 0 28 0 0 1 0 0 137 0 16 127 0 117 249 69 118 0 0 5 0 38 18 16 4 52 28 21 0 9 7 6 0 0 16 0 0 0 3 0 16 0 0 2 12 0 0 0 0 0 0 0 308 0 1260 22 0 0 0 199 0 0 20 0 2 0 138 3 4 76 103 3 0 240 67 205 0 158 28 71 293 36 0 3 0 0 3 0 0 14 0 0 0 0 16 38 0 16 0 0 11 26 14 0 0 0 0 9 0 0 0 0 0 0 514 0 0 0 20 0 0 0 3 0 0 0 0 0 0 0 0 0 22 0 0 0 0 0 30 38 0 24 0 2 0 0 9 0 17 0 0 0 0 0 0 0 2 22 0 0 0 0 0 0 28 14 0 2 24 0 0 0 12 2 63 40 0 4 
52 9 0 17 2 6 0 13 7 3 0 4 18 2 12 8 14 19 9 0 12 16 7 3 2 15 19 12 12 16 12 8 15 5 5 0 0 2 5 10 0 14 0 10 8 7 13 15 18 10 8 13 16 18 64 6 16 0 0 40 22 16 6 12 11 43 22 28 22 454 34 50 18 26 16 11 238 75 4 32 14 0 36 10 10 1 7 18 10 14 0 7 36 13 1 9 39 23 55 19 0 3 23 3 10 0 14 10 6 0 0 2 0 13 0 2 2 1 4 6 2 26 0 0 0 2 8 29 22 12 15 15 1 10 0 17 0 15 12 30 2 18 7 16 4 28 13 0 15 13 18 5 2 4 16 8 4 5 0 10 22 6 9 4 8 16 22 7 17 5 1 13 18 10 9 6 0 0 5 12 4 8 0 17 10 0 28 28 16 6 23 25 
26 6 6 2 0 2 0 16 37 20 29 9 24 0 25 41 24 14 3 2 0 0 3 0 0 0 0 9 37 81 0 5 0 71 8 9 8 2 7 70 20 180 23 192 137 182 170 9 158 208 386 156 15 79 23 145 167 5 59 9 140 3 9 34 1 2 2 1 0 34 1190 1 7 0 2 6 45 4 112 0 0 69 8 0 1 6 0 0 0 0 0 0 20 63 0 17 0 0 0 0 9 0 0 18 0 0 0 0 0 0 10 0 0 0 6 0 3 0 0 0 0 0 0 0 0 3 0 3 0 0 4 2 6 22 0 0 18 0 0 6 1 0 0 187 0 0 0 0 0 0 0 0 1 1 0 10 10 2 0 0 0 0 0 0 4 41 0 0 0 9 7 24 182 0 0 0 12 0 6 0 46 1 10 0 0 15 1 4 0 4 47 14 
15 3 0 0 2 7 6 20 28 16 24 4 20 58 9 19 28 15 0 9 2 2 5 0 1 0 0 1 0 0 0 1 6 0 1 0 6 0 2 68 0 0 31 0 1 2 27 22 2 30 5 104 36 115 0 46 63 39 10 2 306 5 220 346 0 389 4 0 0 50 1 1158 3 0 0 2 16 226 11 91 60 1 21 0 3 13 17 4 1 0 0 2 0 0 2 32 365 129 353 88 1 2 37 2 0 44 0 4 0 2 2 8 0 0 0 4 8 0 0 0 1 27 0 0 0 0 18 8 3 0 8 4 4 2 3 0 16 0 1 8 10 2 2 0 0 1 0 0 0 4 0 14 0 56 8 20 6 0 0 0 0 1 0 6 1 0 82 1 0 12 5 8 0 30 5 0 8 0 6 2 0 0 31 0 0 2 5 14 0 23 9 51 
0 7 3 4 7 0 5 4 0 0 0 0 4 10 0 0 0 0 0 0 0 44 10 4 47 27 177 0 0 14 0 271 63 0 330 0 17 0 37 11 0 0 0 0 0 0 0 16 0 0 0 0 30 0 18 0 0 3 34 32 0 271 0 0 314 0 173 394 0 18 7 3 1470 4 392 282 35 0 0 0 0 3 18 80 5 6 0 14 13 0 0 0 17 0 2 20 0 0 0 0 3 30 0 0 0 0 0 4 0 0 0 0 0 0 0 0 0 0 0 46 0 4 0 0 0 102 0 2 0 0 2 0 0 0 0 0 7 0 0 0 0 0 0 0 0 8 7 0 0 12 0 0 0 0 0 0 0 0 0 0 0 3 0 9 0 0 0 27 159 0 11 0 0 0 0 0 34 0 0 10 0 0 0 0 92 3 2 254 26 0 0 13 
11 2 4 30 0 1 8 4 4 10 0 10 0 14 0 40 8 0 0 4 0 0 82 4 12 98 2 175 163 36 323 0 0 63 0 52 20 14 26 16 6 20 2 8 0 6 1 7 0 0 0 0 16 0 20 0 0 5 2 4 0 2 0 0 0 0 79 0 199 26 0 0 4 1288 2 4 25 0 0 0 102 9 14 164 25 2 0 226 1 322 0 247 36 4 171 28 0 0 0 0 6 36 0 12 0 0 0 62 12 36 28 8 44 0 27 26 16 0 0 0 0 59 0 0 0 6 0 6 352 0 8 2 8 0 0 0 10 0 0 0 0 0 0 0 0 0 3 0 0 1 0 0 6 18 0 8 4 4 0 0 54 4 4 0 0 0 0 2 0 0 33 202 0 0 0 0 40 0 12 65 0 0 20 0 0 0 384 1 14 22 0 2 
4 13 22 2 10 2 8 36 6 6 0 14 2 2 2 0 0 0 0 0 0 0 155 0 52 59 24 53 2 14 74 175 54 0 109 2 14 16 5 9 8 0 0 0 0 0 0 7 0 0 0 0 10 0 25 0 0 31 6 62 0 195 0 0 320 0 374 3 0 16 2 0 392 2 1390 369 49 0 17 0 70 34 36 137 350 39 0 431 3 193 0 0 9 0 86 33 0 0 0 0 7 4 0 10 0 0 0 2 2 0 40 0 0 0 0 4 0 0 0 34 0 32 0 0 0 66 0 0 0 0 16 2 0 0 0 0 4 0 0 0 0 0 0 0 0 0 36 0 0 0 0 0 0 0 0 0 6 0 0 0 35 1 12 0 19 0 0 30 90 0 5 0 0 0 0 0 12 0 34 2 0 2 36 0 15 6 0 66 11 2 0 18 
0 4 27 5 10 0 0 0 0 54 0 2 0 0 0 3 0 0 0 0 0 32 66 0 40 24 87 155 4 19 36 267 54 0 431 0 29 0 4 21 0 0 0 0 0 0 0 18 0 0 0 0 11 0 9 0 0 2 2 96 0 170 0 0 179 0 312 25 0 11 6 2 282 4 369 1372 24 0 85 0 125 22 6 71 233 65 0 246 4 93 0 0 14 5 66 30 0 0 0 0 0 0 0 0 0 0 0 0 0 0 0 0 0 0 0 0 0 0 0 33 0 12 0 0 0 136 0 0 0 0 29 30 10 0 0 0 5 0 0 0 0 0 0 0 0 0 22 0 0 0 0 0 0 0 0 0 0 0 0 2 16 0 9 0 23 0 0 259 38 0 0 0 0 0 0 0 36 0 32 3 0 13 38 0 27 0 10 94 39 0 0 32 
20 16 0 9 6 7 0 0 0 0 0 3 0 2 1 1 0 21 38 9 27 24 14 14 6 24 19 26 11 14 27 23 27 15 39 0 4 0 3 46 0 13 0 3 21 13 29 121 21 13 22 23 36 44 149 10 39 0 0 5 32 29 17 33 17 13 19 43 20 238 45 16 35 25 49 24 804 29 0 4 16 0 123 16 31 38 23 33 8 20 0 14 72 18 35 252 29 5 34 14 0 0 24 0 5 0 23 0 0 0 0 0 0 24 6 0 0 0 13 23 0 35 0 0 0 2 17 0 24 8 0 0 0 0 1 27 2 28 9 13 19 41 33 34 22 22 21 0 51 23 37 0 0 0 35 0 0 21 1 10 9 16 19 11 38 40 30 26 19 23 0 6 25 23 20 10 0 4 0 11 21 14 0 17 38 0 10 51 41 10 30 0 
1 1 0 0 4 0 6 26 4 4 1 6 4 2 2 0 0 11 0 32 1 0 1 0 2 0 0 0 0 0 0 0 0 0 0 0 0 0 10 3 0 0 2 0 0 0 6 20 0 24 0 19 8 17 8 16 47 2 0 14 168 6 270 346 0 455 0 0 0 75 4 226 0 0 0 0 29 1690 15 323 43 3 11 1 0 21 185 0 0 0 0 0 5 0 0 43 228 130 218 85 1 0 40 4 0 10 0 0 8 0 12 2 0 0 0 14 0 0 0 0 3 7 0 0 0 0 130 0 0 0 0 54 0 0 0 0 10 0 0 0 16 0 1 0 0 0 0 0 0 0 0 0 0 0 11 0 28 1 0 0 0 2 0 0 0 0 50 0 1 6 6 15 7 39 5 0 0 0 0 0 0 0 1 0 0 0 0 9 0 11 3 26 
117 167 54 48 201 167 11 168 363 413 8 285 161 174 26 140 99 25 20 22 43 17 95 0 90 16 0 5 26 12 0 24 97 2 51 315 215 428 422 15 436 0 2 0 0 2 4 115 2 0 0 0 36 4 2 3 2 0 757 586 0 11 1 2 145 4 22 30 2 4 112 11 0 0 17 85 0 15 3692 3 2 279 123 70 13 1118 0 0 95 1 6 2 0 2 0 0 1 3 10 24 0 350 2 217 12 6 242 229 185 173 352 382 249 65 0 439 420 19 2 286 0 75 0 0 0 187 1 223 8 8 187 215 301 282 0 0 159 1 39 3 28 92 45 4 5 4 57 0 0 6 133 211 151 146 8 343 204 111 2 74 52 7 49 30 16 1 0 28 80 6 0 0 1 13 0 0 610 8 528 163 0 31 655 119 293 0 30 101 95 19 0 145 
17 4 0 0 0 9 0 15 11 3 0 16 10 13 15 3 10 4 0 34 0 0 0 0 3 0 0 0 0 0 0 0 0 0 0 3 0 0 3 0 0 0 0 0 0 0 0 7 0 0 0 9 2 0 0 2 2 3 1 10 19 0 34 41 0 310 0 0 0 32 0 91 0 0 0 0 4 323 3 1214 104 65 29 1 0 7 261 0 24 0 0 0 0 0 0 14 76 262 214 337 2 5 144 0 0 2 0 7 9 3 3 2 0 0 0 6 6 2 0 0 4 0 0 0 0 3 403 9 0 0 18 30 5 16 0 0 8 0 0 0 42 0 0 0 0 0 0 0 0 0 0 36 6 6 44 20 30 30 0 15 0 29 0 0 0 0 357 0 6 0 42 0 3 33 59 3 0 0 3 6 0 4 0 0 0 0 0 1 0 1 0 32 
